24 9 2022 22 0 76.899395 
24 9 2022 22 0 76.93833501 
24 9 2022 23 0 77.89415439 
25 9 2022 0 0 77.73315931 
25 9 2022 0 9 77.7494673 
25 9 2022 1 0 78.74788597 
25 9 2022 2 0 78.13954327 
25 9 2022 3 0 76.73091137 
25 9 2022 4 0 76.6128927 
25 9 2022 5 0 77.16208073 
25 9 2022 6 0 76.72746542 
25 9 2022 7 0 76.72633346 
25 9 2022 8 0 77.63548003 
25 9 2022 9 0 77.42877489 
25 9 2022 10 0 77.86226216 
25 9 2022 11 1 78.14142737 
25 9 2022 12 0 78.40261663 
25 9 2022 13 0 77.78832125 
25 9 2022 14 0 78.05052139 
25 9 2022 15 0 78.41866921 
25 9 2022 16 1 77.27516469 
25 9 2022 17 1 77.49465619 
25 9 2022 18 0 77.48945652 
25 9 2022 19 0 78.62560932 
25 9 2022 20 0 80.34990065 
25 9 2022 21 0 79.90804978 
25 9 2022 22 0 79.66423051 
25 9 2022 23 0 80.60626568 
26 9 2022 0 0 83.6393829 
26 9 2022 1 0 82.50597458 
26 9 2022 2 0 82.33407524 
26 9 2022 3 0 82.12144307 
26 9 2022 5 0 82.19803912 
26 9 2022 6 0 82.48198134 
26 9 2022 7 0 83.02187348 
26 9 2022 8 1 83.75479131 
26 9 2022 9 0 83.25830096 
26 9 2022 10 0 81.58076111 
26 9 2022 11 0 79.30669861 
26 9 2022 12 1 68.40821171 
26 9 2022 13 0 66.26329029 
26 9 2022 14 0 67.24688341 
26 9 2022 15 0 66.60040453 
26 9 2022 16 0 65.82976115 
26 9 2022 17 1 65.88574597 
26 9 2022 18 1 66.18216403 
26 9 2022 19 0 66.77954566 
26 9 2022 20 0 66.61505081 
26 9 2022 21 1 66.50922841 
26 9 2022 22 1 66.48784657 
26 9 2022 23 0 66.57180201 
27 9 2022 0 0 66.82367398 
27 9 2022 1 0 66.47802893 
27 9 2022 2 0 66.55899855 
27 9 2022 3 0 65.49852917 
27 9 2022 4 0 65.10529841 
27 9 2022 5 0 65.24663726 
27 9 2022 6 0 64.8938507 
27 9 2022 7 1 65.05015199 
27 9 2022 8 1 64.75490552 
27 9 2022 9 0 64.38612956 
27 9 2022 10 0 64.22784719 
27 9 2022 11 1 64.3954944 
27 9 2022 12 0 64.45212833 
27 9 2022 13 0 64.70999254 
27 9 2022 14 0 64.26826453 
27 9 2022 15 1 64.45667508 
27 9 2022 16 1 64.49570294 
27 9 2022 17 1 64.68409874 
27 9 2022 18 1 64.17969136 
27 9 2022 19 1 62.96230702 
27 9 2022 20 0 62.49693802 
27 9 2022 21 1 62.69386619 
27 9 2022 22 0 62.75519292 
27 9 2022 23 0 62.66826904 
28 9 2022 0 0 62.990495 
28 9 2022 1 0 63.24012799 
28 9 2022 2 0 63.21181454 
28 9 2022 3 0 63.39378185 
28 9 2022 4 0 63.77759495 
28 9 2022 5 1 64.14361452 
28 9 2022 6 0 64.0173085 
28 9 2022 7 0 63.86631872 
28 9 2022 8 0 63.61457247 
28 9 2022 9 0 64.18076528 
28 9 2022 10 0 63.95773179 
28 9 2022 11 1 63.79402487 
28 9 2022 12 1 63.92257297 
28 9 2022 13 1 63.60809999 
28 9 2022 14 1 63.60958084 
28 9 2022 15 1 63.4220521 
28 9 2022 16 1 63.59779961 
28 9 2022 17 1 62.74195564 
28 9 2022 18 1 62.12835296 
28 9 2022 19 0 62.15875014 
28 9 2022 20 0 62.25013533 
28 9 2022 21 0 61.73440003 
28 9 2022 22 0 61.8092811 
28 9 2022 23 0 61.28762718 
29 9 2022 0 0 61.51233735 
29 9 2022 1 0 61.71219673 
29 9 2022 2 0 61.75634266 
29 9 2022 3 0 61.8398517 
29 9 2022 4 0 61.50885742 
29 9 2022 5 0 61.92822956 
29 9 2022 6 0 61.45725931 
29 9 2022 7 0 61.51001082 
29 9 2022 8 1 61.86645555 
29 9 2022 9 0 61.92565086 
29 9 2022 10 1 62.14207051 
29 9 2022 11 0 62.13515259 
29 9 2022 12 1 61.6524987 
29 9 2022 13 0 61.46481375 
29 9 2022 14 1 61.58734189 
29 9 2022 15 1 62.03696167 
29 9 2022 16 1 62.70803857 
29 9 2022 17 1 62.16252798 
29 9 2022 18 0 61.89691356 
29 9 2022 19 0 61.72737098 
29 9 2022 20 0 62.31035622 
29 9 2022 21 1 62.08053958 
29 9 2022 22 1 61.6457007 
29 9 2022 23 0 61.25727204 
30 9 2022 0 0 61.32837048 
30 9 2022 1 0 61.5031166 
30 9 2022 2 0 60.98084329 
30 9 2022 3 0 60.85344907 
30 9 2022 4 0 61.05002024 
30 9 2022 5 0 61.1075699 
30 9 2022 6 0 61.14186542 
30 9 2022 7 0 61.071022 
30 9 2022 8 0 61.2036138 
30 9 2022 9 0 61.19373626 
30 9 2022 10 0 60.87717912 
30 9 2022 11 1 60.8013757 
30 9 2022 12 0 60.87796165 
30 9 2022 13 0 61.06817039 
30 9 2022 14 0 61.83766027 
30 9 2022 15 1 61.67502022 
30 9 2022 16 0 61.32866686 
30 9 2022 17 1 60.69637027 
30 9 2022 18 0 61.38029999 
30 9 2022 19 0 20.93826103 
30 9 2022 20 0 20.98464201 
30 9 2022 21 0 21.07932037 
30 9 2022 22 1 21.11500473 
30 9 2022 23 1 21.09210198 
1 10 2022 0 0 21.02275069 
1 10 2022 1 0 20.94367615 
1 10 2022 2 0 20.98732077 
1 10 2022 3 0 20.9004203 
1 10 2022 4 0 20.79299032 
1 10 2022 5 0 20.8216833 
1 10 2022 6 0 20.83536134 
1 10 2022 7 1 20.74951619 
1 10 2022 8 0 20.76692152 
1 10 2022 9 0 20.85822249 
1 10 2022 10 0 20.76324402 
1 10 2022 11 0 20.75271226 
1 10 2022 12 0 20.77287742 
1 10 2022 13 1 20.80770652 
1 10 2022 14 0 20.84240848 
1 10 2022 15 0 20.9352239 
1 10 2022 16 0 20.94145182 
1 10 2022 17 1 21.01291133 
1 10 2022 18 0 21.04398384 
1 10 2022 19 0 21.31715903 
1 10 2022 20 0 21.34940627 
1 10 2022 21 0 21.31825562 
1 10 2022 22 0 21.33500378 
1 10 2022 23 0 21.38392961 
2 10 2022 0 0 21.50378926 
2 10 2022 1 0 21.85047177 
2 10 2022 2 1 21.84389563 
2 10 2022 3 0 21.7262305 
2 10 2022 4 0 21.67299772 
2 10 2022 5 0 21.71711962 
2 10 2022 6 0 21.7441601 
2 10 2022 7 0 22.07144089 
2 10 2022 8 0 22.12024826 
2 10 2022 9 0 22.06909268 
2 10 2022 10 0 22.0212688 
2 10 2022 11 0 21.94669878 
2 10 2022 12 0 22.03377487 
2 10 2022 13 1 22.14714231 
2 10 2022 14 0 22.10203493 
2 10 2022 15 1 22.02971391 
2 10 2022 16 0 22.00019177 
2 10 2022 17 0 22.06760443 
2 10 2022 18 1 22.11737907 
2 10 2022 19 0 22.12150311 
2 10 2022 20 0 22.09396241 
2 10 2022 21 0 22.12700705 
2 10 2022 22 1 22.02538316 
2 10 2022 23 0 22.25848245 
3 10 2022 0 0 22.31575977 
3 10 2022 1 0 22.2728283 
3 10 2022 2 0 22.53376246 
3 10 2022 3 0 22.34506244 
3 10 2022 4 0 22.15126093 
3 10 2022 5 0 22.26712644 
3 10 2022 6 0 22.24789448 
3 10 2022 7 0 22.20848573 
3 10 2022 8 0 22.03433897 
3 10 2022 9 0 22.04630337 
3 10 2022 10 1 22.04928864 
3 10 2022 11 0 22.16773665 
3 10 2022 12 0 22.19813132 
3 10 2022 13 0 22.27684656 
3 10 2022 14 1 22.25920658 
3 10 2022 15 1 22.13691008 
3 10 2022 16 0 21.8471485 
3 10 2022 17 1 21.47565465 
3 10 2022 18 0 21.51664713 
3 10 2022 19 0 21.60755713 
3 10 2022 20 1 21.44386342 
3 10 2022 21 0 21.44330486 
3 10 2022 22 0 21.38109358 
3 10 2022 23 0 21.27611367 
4 10 2022 0 0 21.38041976 
